2180910732082964314
500426926871740064
789827392039783997
1217446089712949232
657678469164874556
625691457781166201
1231614866676455301
2183338497524925548
1875567470145650174
1680928604864890671
497852251145274749
1307721850064809715
759696977565604503
922381985280260146
54958243452892040
229784115534792068
1850813885022945567
1017729607448620395
1883471671234811075
219740872751778263
1645517423862510836
1345407218413832542
1697563247339128637
1022437404373000114
2181943369568182280
886655754413580231
1193681477822783080
1215813924002405321
1915044450814818179
124957979917199625
576952411066989859
438379774922962400
111602542461222770
1276574522072785925
2205128603423705826
2251290512578977289
1381719397256449376
348302396398368811
1919936857295088124
1250245661066964045
13878612252472301
958404253126512307
251780177932378066
2075861884845528728
1186687032763595759
1096817330734511467
1448126835156718870
1303163691576456117
449655055646864765
1734977714482006249
918912635958207964
2065010429598082944
127726351239530764
2226633266803598161
2305360562931970399
1212259493821033810
1613516096506650243
2230375376349095317
1580312586095395633
2172226051316558407
2312515070928950707
621518520895636633
1517715381586367031
87788553237633466
1793102833066622403
1971558472013705401
253476498355849759
873601323259763219
1119893316106504267
1480613243810122038
879826448326559978
2046647663793353996
1654847056498178542
1566889891789041784
2024843021306442158
386009785797765240
724683381946824719
30010584246615675
1207524666039211369
847848396052704189
2124582573020844689
383459935127611676
439046998058101435
1842515740337975285
1755408475115752015
1091375503141977328
172452162956492510
500435893102940992
1571672932408442188
893429686327321479
367825667308308814
2294046468037399741
364340391083636984
1485507315577602148
43138540786731669
392629837726816555
